0.000000 2540.000000 0.000000 172.944751 179.674033
406.000000 2540.000000 0.000000 198.878049 159.250000
812.000000 2540.000000 0.000000 222.680556 140.395833
1218.000000 2540.000000 0.000000 244.446154 123.207692
0.000000 2032.000000 0.000000 205.054299 185.416290
406.000000 2032.000000 0.000000 230.933673 163.326531
812.000000 2032.000000 0.000000 254.442529 143.201149
1218.000000 2032.000000 0.000000 276.178808 125.211921
0.000000 1524.000000 0.000000 240.661818 191.570909
406.000000 1524.000000 0.000000 266.495726 168.260684
812.000000 1524.000000 0.000000 288.950980 146.617647
1218.000000 1524.000000 0.000000 310.453039 127.569061
0.000000 1016.000000 0.000000 281.773585 198.779874
406.000000 1016.000000 0.000000 307.032258 173.727599
812.000000 1016.000000 0.000000 328.890295 150.679325
1218.000000 1016.000000 0.000000 349.617647 130.450980
0.000000 508.000000 0.000000 328.888041 206.956743
406.000000 508.000000 0.000000 352.813456 179.749235
812.000000 508.000000 0.000000 372.752650 155.975265
1218.000000 508.000000 0.000000 391.561181 134.371308
0.000000 0.000000 0.000000 382.450000 216.486111
406.000000 0.000000 0.000000 404.526582 187.055696
812.000000 0.000000 0.000000 423.538226 161.388379
1218.000000 0.000000 0.000000 439.959707 138.285714
