1218.000000 2540.000000 0.000000 235.616060 304.430364
1218.000000 2032.000000 0.000000 239.865417 247.625213
1218.000000 1524.000000 0.000000 244.034247 202.579909
1218.000000 1016.000000 0.000000 248.210526 164.603715
1218.000000 508.000000 0.000000 252.364754 135.020492
1218.000000 0.000000 0.000000 254.983784 109.854054
812.000000 2540.000000 0.000000 291.554217 300.996386
812.000000 2032.000000 0.000000 290.250825 243.927393
812.000000 1524.000000 0.000000 289.648230 199.219027
812.000000 1016.000000 0.000000 289.450311 161.186335
812.000000 508.000000 0.000000 290.000000 131.414634
812.000000 0.000000 0.000000 289.576923 106.379121
406.000000 2540.000000 0.000000 348.580918 297.268116
406.000000 2032.000000 0.000000 341.594156 239.899351
406.000000 1524.000000 0.000000 336.018265 194.582192
406.000000 1016.000000 0.000000 331.378049 157.765244
406.000000 508.000000 0.000000 326.807377 128.163934
406.000000 0.000000 0.000000 323.454545 103.812834
0.000000 2540.000000 0.000000 404.978616 292.232704
0.000000 2032.000000 0.000000 392.450000 235.851724
0.000000 1524.000000 0.000000 381.549296 191.706573
0.000000 1016.000000 0.000000 372.586957 155.363354
0.000000 508.000000 0.000000 364.216102 126.008475
0.000000 0.000000 0.000000 357.609929 101.872340
