0.000000 0.000000 0.000000 233.137387 292.423423
0.000000 508.000000 0.000000 240.818182 247.031941
0.000000 1016.000000 0.000000 247.135762 210.543046
0.000000 1524.000000 0.000000 253.246637 180.856502
0.000000 2032.000000 0.000000 258.023952 156.904192
0.000000 2540.000000 0.000000 262.238462 136.561538
406.000000 0.000000 0.000000 283.866776 292.710526
406.000000 508.000000 0.000000 286.406542 247.336449
406.000000 1016.000000 0.000000 287.710526 210.555921
406.000000 1524.000000 0.000000 290.022523 181.306306
406.000000 2032.000000 0.000000 291.890909 156.981818
406.000000 2540.000000 0.000000 293.305344 136.557252
812.000000 0.000000 0.000000 334.437811 292.577114
812.000000 508.000000 0.000000 330.728311 246.591324
812.000000 1016.000000 0.000000 329.254125 210.557756
812.000000 1524.000000 0.000000 327.420168 180.542017
812.000000 2032.000000 0.000000 325.948571 157.337143
812.000000 2540.000000 0.000000 324.119403 137.455224
1218.000000 0.000000 0.000000 385.088696 291.699130
1218.000000 508.000000 0.000000 375.740566 246.450472
1218.000000 1016.000000 0.000000 369.948387 211.177419
1218.000000 1524.000000 0.000000 364.055794 181.575107
1218.000000 2032.000000 0.000000 359.127907 158.023256
1218.000000 2540.000000 0.000000 354.856061 138.098485
