1218.000000 2540.000000 0.000000 149.202454 175.168712
1218.000000 2032.000000 0.000000 197.276978 151.100719
1218.000000 1524.000000 0.000000 240.539683 130.126984
1218.000000 1016.000000 0.000000 281.477064 110.435780
1218.000000 508.000000 0.000000 317.753927 93.979058
1218.000000 0.000000 0.000000 350.769697 78.327273
812.000000 2540.000000 0.000000 170.515228 193.261421
812.000000 2032.000000 0.000000 220.817910 166.883582
812.000000 1524.000000 0.000000 265.336667 143.980000
812.000000 1016.000000 0.000000 307.501931 122.783784
812.000000 508.000000 0.000000 345.133641 104.705069
812.000000 0.000000 0.000000 378.441489 87.808511
406.000000 2540.000000 0.000000 194.706861 214.484407
406.000000 2032.000000 0.000000 247.858852 184.913876
406.000000 1524.000000 0.000000 295.296830 159.253602
406.000000 1016.000000 0.000000 337.486486 136.304054
406.000000 508.000000 0.000000 374.600000 116.056000
406.000000 0.000000 0.000000 407.745283 98.306604
0.000000 2540.000000 0.000000 223.204013 238.463211
0.000000 2032.000000 0.000000 279.199605 205.452569
0.000000 1524.000000 0.000000 326.971360 177.035800
0.000000 1016.000000 0.000000 369.940510 151.634561
0.000000 508.000000 0.000000 406.989547 129.515679
0.000000 0.000000 0.000000 439.770492 110.267760
