thres,TP,FP,TN,FN,TPR=TP/(FP+FN),FPR=FP/(FP+TN)
0,151,1111,0,0,,
1,151,1111,0,0,,
2,151,1111,0,0,,
3,151,1111,0,0,,
4,151,1111,0,0,,
5,151,1111,0,0,,
6,151,1111,0,0,,
7,151,1111,0,0,,
8,151,1111,0,0,,
9,151,1111,0,0,,
10,151,1111,0,0,,
11,151,1111,0,0,,
12,151,1111,0,0,,
13,151,1111,0,0,,
14,151,1111,0,0,,
15,151,1111,0,0,,
16,151,1111,0,0,,
17,151,1111,0,0,,
18,151,1111,0,0,,
19,151,1111,0,0,,
20,151,1111,0,0,,
21,151,1111,0,0,,
22,151,1111,0,0,,
23,151,1111,0,0,,
24,151,1111,0,0,,
25,151,1111,0,0,,
26,151,1111,0,0,,
27,151,1111,0,0,,
28,151,1111,0,0,,
29,151,1111,0,0,,
30,151,1111,0,0,,
31,151,1111,0,0,,
32,151,1111,0,0,,
33,151,1111,0,0,,
34,151,1111,0,0,,
35,151,1111,0,0,,
36,151,1111,0,0,,
37,151,1111,0,0,,
38,151,1111,0,0,,
39,151,1111,0,0,,
40,151,1111,0,0,,
41,151,1111,0,0,,
42,151,1111,0,0,,
43,151,1111,0,0,,
44,151,1111,0,0,,
45,151,1111,0,0,,
46,151,1111,0,0,,
47,151,1111,0,0,,
48,151,1111,0,0,,
49,151,1111,0,0,,
50,151,1111,0,0,,
51,151,1111,0,0,,
52,151,1111,0,0,,
53,151,1111,0,0,,
54,151,1111,0,0,,
55,151,1111,0,0,,
56,151,1111,0,0,,
57,151,1111,0,0,,
58,151,1111,0,0,,
59,151,1111,0,0,,
60,151,1111,0,0,,
61,151,1111,0,0,,
62,151,1111,0,0,,
63,151,1111,0,0,,
64,151,1111,0,0,,
65,151,1111,0,0,,
66,151,1111,0,0,,
67,151,1111,0,0,,
68,151,1111,0,0,,
69,151,1111,0,0,,
70,151,1111,0,0,,
71,151,1111,0,0,,
72,151,1111,0,0,,
73,151,1111,0,0,,
74,151,1111,0,0,,
75,151,1111,0,0,,
76,151,1111,0,0,,
77,151,1111,0,0,,
78,151,1111,0,0,,
79,151,1111,0,0,,
80,151,1111,0,0,,
81,151,1111,0,0,,
82,151,1111,0,0,,
83,151,1111,0,0,,
84,151,1111,0,0,,
85,151,1111,0,0,,
86,151,1111,0,0,,
87,151,1111,0,0,,
88,151,1111,0,0,,
89,151,1111,0,0,,
90,151,1111,0,0,,
91,151,1111,0,0,,
92,151,1111,0,0,,
93,151,1111,0,0,,
94,151,1111,0,0,,
95,151,1111,0,0,,
96,151,1111,0,0,,
97,151,1111,0,0,,
98,151,1111,0,0,,
99,151,1111,0,0,,
100,151,1111,0,0,,
101,151,1111,0,0,,
102,151,1111,0,0,,
103,151,1111,0,0,,
104,151,1111,0,0,,
105,151,1111,0,0,,
106,151,1111,0,0,,
107,151,1111,0,0,,
108,151,1111,0,0,,
109,151,1111,0,0,,
110,151,1111,0,0,,
111,151,1111,0,0,,
112,151,1111,0,0,,
113,151,1111,0,0,,
114,151,1111,0,0,,
115,151,1111,0,0,,
116,151,1111,0,0,,
117,151,1111,0,0,,
118,151,1111,0,0,,
119,151,1111,0,0,,
120,151,1111,0,0,,
121,151,1111,0,0,,
122,151,1111,0,0,,
123,151,1111,0,0,,
124,151,1111,0,0,,
125,151,1110,1,0,,
126,151,1110,1,0,,
127,151,1108,3,0,,
128,151,1108,3,0,,
129,151,1108,3,0,,
130,151,1108,3,0,,
131,151,1108,3,0,,
132,151,1108,3,0,,
133,151,1106,5,0,,
134,151,1105,6,0,,
135,151,1104,7,0,,
136,151,1104,7,0,,
137,151,1102,9,0,,
138,151,1100,11,0,,
139,151,1099,12,0,,
140,151,1096,15,0,,
141,151,1096,15,0,,
142,151,1092,19,0,,
143,151,1092,19,0,,
144,151,1091,20,0,,
145,151,1088,23,0,,
146,151,1085,26,0,,
147,151,1085,26,0,,
148,151,1084,27,0,,
149,151,1083,28,0,,
150,151,1079,32,0,,
151,151,1078,33,0,,
152,151,1070,41,0,,
153,151,1062,49,0,,
154,151,1057,54,0,,
155,151,1051,60,0,,
156,151,1044,67,0,,
157,151,1034,77,0,,
158,151,1024,87,0,,
159,151,1014,97,0,,
160,151,1011,100,0,,
161,151,1005,106,0,,
162,151,998,113,0,,
163,151,988,123,0,,
164,151,982,129,0,,
165,151,976,135,0,,
166,151,970,141,0,,
167,151,961,150,0,,
168,151,952,159,0,,
169,151,944,167,0,,
170,151,938,173,0,,
171,151,922,189,0,,
172,151,911,200,0,,
173,151,897,214,0,,
174,151,883,228,0,,
175,151,873,238,0,,
176,151,858,253,0,,
177,151,846,265,0,,
178,151,822,289,0,,
179,151,800,311,0,,
180,151,788,323,0,,
181,151,768,343,0,,
182,151,745,366,0,,
183,151,732,379,0,,
184,151,711,400,0,,
185,151,694,417,0,,
186,151,672,439,0,,
187,151,664,447,0,,
188,151,642,469,0,,
189,151,616,495,0,,
190,151,589,522,0,,
191,151,568,543,0,,
192,151,549,562,0,,
193,151,528,583,0,,
194,151,517,594,0,,
195,151,503,608,0,,
196,151,491,620,0,,
197,151,473,638,0,,
198,151,461,650,0,,
199,151,447,664,0,,
200,151,432,679,0,,
201,150,415,696,1,,
202,150,410,701,1,,
203,150,401,710,1,,
204,149,379,732,2,,
205,148,357,754,3,,
206,147,347,764,4,,
207,146,332,779,5,,
208,145,322,789,6,,
209,144,319,792,7,,
210,143,309,802,8,,
211,142,301,810,9,,
212,142,296,815,9,,
213,140,285,826,11,,
214,139,277,834,12,,
215,134,265,846,17,,
216,134,262,849,17,,
217,132,253,858,19,,
218,130,244,867,21,,
219,124,232,879,27,,
220,123,220,891,28,,
221,120,205,906,31,,
222,117,189,922,34,,
223,113,173,938,38,,
224,106,162,949,45,,
225,101,150,961,50,,
226,100,140,971,51,,
227,95,128,983,56,,
228,91,125,986,60,,
229,83,111,1000,68,,
230,76,103,1008,75,,
231,69,92,1019,82,,
232,64,84,1027,87,,
233,61,76,1035,90,,
234,54,64,1047,97,,
235,49,55,1056,102,,
236,44,47,1064,107,,
237,42,42,1069,109,,
238,40,39,1072,111,,
239,36,33,1078,115,,
240,32,31,1080,119,,
241,29,28,1083,122,,
242,24,23,1088,127,,
243,23,22,1089,128,,
244,20,19,1092,131,,
245,16,14,1097,135,,
246,13,11,1100,138,,
247,11,8,1103,140,,
248,8,4,1107,143,,
249,6,3,1108,145,,
250,5,2,1109,146,,
251,1,1,1110,150,,
252,1,1,1110,150,,
253,1,1,1110,150,,
254,1,1,1110,150,,
