118   3  3
129   4  3
144   5  3
149   6  3
146   7  3
144   8  3
142   9  3
118   3  4
128   4  4
143   5  4
149   6  4
147   7  4
144   8  4
143   9  4
120   3  5
130   4  5
145   5  5
151   6  5
148   7  5
145   8  5
144   9  5
122   3  6
133   4  6
147   5  6
154   6  6
151   7  6
147   8  6
146   9  6
120   3  7
131   4  7
145   5  7
153   6  7
150   7  7
148   8  7
150   9  7
118   3  8
130   4  8
143   5  8
152   6  8
150   7  8
150   8  8
153   9  8
116   3  9
127   4  9
140   5  9
150   6  9
150   7  9
151   8  9
153   9  9
