1218.000000 0.000000 0.000000 222.118110 143.228346
812.000000 0.000000 0.000000 244.843478 133.443478
406.000000 0.000000 0.000000 265.363636 125.000000
0.000000 0.000000 0.000000 284.594203 117.318841
1218.000000 508.000000 0.000000 246.883871 155.651613
812.000000 508.000000 0.000000 270.007463 144.813433
406.000000 508.000000 0.000000 289.826087 135.417391
0.000000 508.000000 0.000000 308.979592 127.112245
1218.000000 1016.000000 0.000000 273.284946 169.881720
812.000000 1016.000000 0.000000 296.776398 157.869565
406.000000 1016.000000 0.000000 317.367647 147.257353
0.000000 1016.000000 0.000000 335.982301 137.964602
1218.000000 1524.000000 0.000000 305.056522 186.913043
812.000000 1524.000000 0.000000 328.219895 173.371728
406.000000 1524.000000 0.000000 347.541401 161.082803
0.000000 1524.000000 0.000000 365.744186 150.604651
1218.000000 2032.000000 0.000000 340.177122 205.527675
812.000000 2032.000000 0.000000 361.981481 190.060185
406.000000 2032.000000 0.000000 380.847826 176.445652
0.000000 2032.000000 0.000000 397.682432 164.445946
1218.000000 2540.000000 0.000000 380.468750 227.212500
812.000000 2540.000000 0.000000 400.678295 209.406977
406.000000 2540.000000 0.000000 418.088235 194.088235
0.000000 2540.000000 0.000000 433.311377 180.538922
