0.000000 0.000000 0.000000 203.245902 161.909836
0.000000 508.000000 0.000000 241.184932 158.424658
0.000000 1016.000000 0.000000 276.542636 155.271318
0.000000 1524.000000 0.000000 308.870690 152.905172
0.000000 2032.000000 0.000000 338.031915 150.872340
0.000000 2540.000000 0.000000 364.690476 149.261905
406.000000 0.000000 0.000000 211.989950 179.306533
406.000000 508.000000 0.000000 252.353933 174.808989
406.000000 1016.000000 0.000000 289.168831 170.675325
406.000000 1524.000000 0.000000 322.796992 167.691729
406.000000 2032.000000 0.000000 352.844828 165.025862
406.000000 2540.000000 0.000000 380.387755 162.795918
812.000000 0.000000 0.000000 222.564516 199.153226
812.000000 508.000000 0.000000 265.871560 192.986239
812.000000 1016.000000 0.000000 304.567568 188.335135
812.000000 1524.000000 0.000000 339.753165 184.183544
812.000000 2032.000000 0.000000 369.953846 180.553846
812.000000 2540.000000 0.000000 397.110092 177.477064
1218.000000 0.000000 0.000000 235.824675 222.474026
1218.000000 508.000000 0.000000 281.465649 214.610687
1218.000000 1016.000000 0.000000 321.417040 208.636771
1218.000000 1524.000000 0.000000 357.705263 203.000000
1218.000000 2032.000000 0.000000 388.103226 198.051613
1218.000000 2540.000000 0.000000 415.483871 193.612903
